1472
1002
1003
1004
1005
1006
1007
1008
1009
1010
1011
1012
1013
1014
1015
1016
1017
1018
1019
1020
1021
1022
1023
1024
1025
1026
1050
1051
1052
1053
1054
1055
1056
1057
1058
1059
1060
1061
1062
1063
1064
1065
1066
1067
1068
1069
1070
1071
1072
1073
1074
1092
1093
1095
1098
1100
1101
1102
1103
1104
1105
1106
1107
1110
1111
1112
1113
1114
1115
1116
1117
1118
1119
1120
1121
1122
1123
1124
1125
1126
1127
1128
1129
1130
1131
1140
1147
1148
1150
1151
1152
1153
1154
1155
1156
1157
1158
1159
1160
1161
1162
1164
1165
1166
1167
1168
1169
1170
1171
1172
1173
1174
1175
1200
1201
1202
1203
1204
1205
1206
1207
1208
1209
1210
1211
1213
1214
1215
1216
1217
1218
1219
1220
1221
1240
1250
1251
1253
1254
1255
1256
1257
1259
1260
1261
1263
1264
1265
1266
1267
1268
1270
1271
1291
1300
1301
1302
1303
1304
1306
1307
1308
1309
1310
1311
1312
1313
1314
1315
1316
1317
1318
1319
1320
1321
1322
1323
1324
1325
1326
1327
1328
1329
1350
1352
1353
1354
1355
1356
1357
1358
1359
1360
1361
1362
1363
1364
1365
1366
1367
1368
1369
1370
1371
1400
1401
1402
1403
1406
1407
1408
1409
1410
1411
1412
1413
1414
1415
1416
1417
1418
1419
1420
1421
1422
1423
1424
1425
1426
1427
1428
1429
1430
1432
1433
1434
1435
1436
1437
1438
1439
1440
1441
1448
1450
1451
1452
1453
1454
1455
1456
1457
1458
1459
1460
1462
1463
1464
1466
1467
1468
1470
1471
1001
2000
2100
2150
2200
2300
2400
2450
2500
2600
2605
2610
2620
2625
2630
2635
2640
2650
2660
2665
2670
2680
2690
2700
2720
2730
2740
2750
2760
2765
2770
2791
2800
2820
2830
2840
2850
2860
2870
2880
2900
2920
2930
2942
2950
2960
2970
2980
2990
3000
3050
3060
3070
3080
3100
3120
3140
3150
3200
3210
3220
3230
3250
3300
3310
3320
3330
3360
3370
3390
3400
3450
3460
3480
3490
3500
3520
3540
3550
3600
3630
3650
3660
3670
4000
4030
4040
4050
4060
4070
4100
4130
4140
4160
4171
4173
4174
4180
4190
4200
4220
4230
4241
4242
4243
4250
4261
4262
4270
4281
4291
4293
4295
4296
4300
4320
4330
4340
4350
4360
4370
4390
4400
4420
4440
4450
4460
4470
4480
4490
4500
4520
4532
4534
4540
4550
4560
4571
4572
4573
4581
4583
4591
4592
4593
4600
4621
4622
4623
4632
4640
4652
4653
4654
4660
4671
4672
4673
4681
4682
4683
4684
4690
4700
4720
4733
4735
4736
4750
4760
4771
4772
4773
4780
4791
4792
4793
4800
4840
4850
4862
4863
4871
4872
4873
4874
4880
4891
4892
4894
4895
4900
4912
4913
4920
4930
4941
4943
4944
4951
4952
4953
4960
4970
4983
4990
3700
3720
3730
3740
3751
3760
3770
3782
3790
5000
5100
5200
5210
5220
5230
5240
5250
5260
5270
5290
5300
5320
5330
5350
5370
5380
5390
5400
5450
5462
5463
5464
5466
5471
5474
5485
5491
5492
5500
5540
5550
5560
5580
5591
5592
5600
5610
5620
5631
5642
5672
5683
5690
5700
5750
5762
5771
5772
5792
5800
5853
5854
5856
5863
5871
5874
5881
5882
5883
5884
5892
5900
5932
5935
5953
5960
5970
5985
6000
6040
6051
6052
6064
6070
6091
6092
6093
6094
6100
6200
6230
6240
6261
6270
6280
6300
6310
6320
6330
6340
6360
6372
6392
6400
6430
6440
6470
6500
6510
6520
6534
6535
6541
6560
6580
6600
6621
6622
6623
6630
6640
6650
6660
6670
6682
6683
6690
6700
6705
6710
6715
6720
6731
6740
6752
6753
6760
6771
6780
6792
6800
6818
6823
6830
6840
6851
6852
6853
6854
6855
6857
6862
6870
6880
6893
6900
6920
6933
6940
6950
6960
6971
6973
6980
6990
7000
7001
7007
7012
7013
7014
7015
7060
7070
7080
7081
7090
7100
7101
7102
7103
7104
7111
7114
7117
7118
7119
7120
7122
7123
7125
7126
7129
7130
7131
7140
7150
7160
7161
7171
7172
7173
7174
7179
7181
7182
7183
7184
7185
7190
7191
7200
7201
7202
7250
7251
7260
7270
7280
7300
7301
7320
7321
7322
7323
7324
7325
7326
7330
7331
7340
7350
7361
7362
7363
7364
7371
7372
7400
7401
7414
7416
7417
7420
7421
7423
7430
7431
7433
7440
7441
7442
7451
7452
7453
7454
7460
7470
7471
7480
7489
7490
7491
7499
7500
7511
7514
7516
7521
7522
7524
7525
7540
7550
7560
7570
7580
7600
7601
7604
7613
7620
7621
7624
7625
7630
7640
7650
7660
7669
7671
7672
7673
7679
7680
7681
7700
7702
7705
7730
7731
7740
7741
7742
7743
7744
7746
7747
7748
7749
7751
7752
7753
7754
7755
7760
7761
7770
7771
7781
7782
7790
7798
7799
7800
7801
7802
7804
7814
7829
7830
7831
7840
7850
7851
7860
7861
7862
7863
7866
7870
7879
7881
7882
7883
7884
7885
7900
7901
7911
7920
7930
7940
7950
7960
7970
7980
7990
7993
7996
7997
7999
8000
8200
8210
8220
8230
8240
8250
8260
8270
8300
8305
8310
8320
8330
8340
8350
8355
8361
8362
8370
8380
8381
8382
8400
8410
8420
8444
8450
8462
8464
8471
8472
8500
8520
8530
8541
8543
8544
8550
8560
8570
8581
8585
8586
8592
8600
8620
8632
8641
8643
8653
8654
8660
8670
8680
8700
8721
8722
8723
8732
8740
8751
8752
8762
8763
8765
8766
8781
8783
8800
8830
8831
8832
8840
8850
8860
8870
8881
8882
8883
8900
8920
8930
8940
8960
8950
8961
8963
8970
8981
8983
8990
9000
9200
9210
9220
9230
9240
9260
9270
9280
9293
9300
9310
9320
9330
9340
9352
9362
9370
9380
9381
9382
9400
9430
9440
9460
9480
9490
9492
9493
9500
9510
9520
9530
9541
9550
9560
9574
9575
9600
9610
9620
9631
9632
9640
9670
9681
9690
9700
9740
9750
9760
9800
9830
9850
9870
9881
9900
9940
9970
9981
9982
9990