205
251
256
334
209
213
310
323
408
415
424
510
530
559
562
619
626
650
661
707
714
760
805
818
831
858
909
916
925
949
951
339
351
413
508
617
774
781
857
978
239
305
321
352
386
407
561
727
754
772
786
813
850
863
904
941
954
210
214
254
281
325
361
409
430
432
469
512
682
713
806
816
830
832
903
915
936
840
956
972
979
212
315
347
516
518
585
607
631
646
716
718
845
914
917
252
336
704
828
910
919
980
215
267
412
484
570
610
717
724
814
878
216
234
330
419
440
513
567
614
740
937
480
520
602
623
928